Source_X(m),Source_Y(m),Source_Z(m),Delta_X(m),Delta_Y(m),Delta_Z(m),w_x(m/s),w_y(m/s),w_z(m/s),T(ºC),Phi_línea_recta(º),Phi_real(º),Delta_Phi(º),Theta_línea_recta(º),Theta_real(º),Delta_Theta(º),Error_Relativo(%)
9887.0,9161.0,4542.0,-5821.0,-1918.0,359.0,-8.0,-2.0,-9.0,-3.0,-161.65265299319262,-161.65033541649086,0.002317576701756252,86.64770413751383,86.65218835307505,0.0044842155612201395,0.008493753117575087
8821.0,3914.0,5791.0,-324.0,2847.0,-1893.0,17.0,15.0,12.0,-15.0,100.8251302304161,100.782270355493,-0.04285987492309573,123.4505884324198,127.42539710588922,3.9748086734694112,0.07096333664869807
790.0,1100.0,7589.0,1034.0,36.0,521.0,14.0,9.0,-13.0,21.0,0.2354879760434518,0.18828928860174104,-0.04719868744171077,63.27184925851101,60.25845640136816,-3.013392857142854,0.14820374223176522
6741.0,7116.0,7254.0,-466.0,2644.0,-3013.0,19.0,12.0,-1.0,-20.0,106.08484394602111,105.99657757013708,-0.0882663758840323,138.29717306667067,140.0478108217727,1.7506377551020478,0.11696957401401736
9510.0,8714.0,2331.0,-2413.0,-5550.0,-1591.0,3.0,2.0,-19.0,-7.0,-113.85297994973256,-113.85961454780428,-0.006634598071727282,104.72943020917901,103.02184092346472,-1.7075892857142918,0.0779488003391138
8777.0,1157.0,1200.0,-5071.0,5979.0,4667.0,3.0,-15.0,15.0,21.0,128.86548470698855,128.82682954052203,-0.038655166466526225,59.23504786802482,64.7596014394534,5.524553571428584,0.07185902729273444
9575.0,4578.0,1617.0,-4042.0,-1937.0,4341.0,12.0,-1.0,11.0,38.0,-155.75556886830717,-155.80439381081212,-0.048824942504950286,45.91656769437629,49.56133810253955,3.644770408163261,0.1296337406553676
9789.0,364.0,3751.0,-2693.0,615.0,1618.0,-4.0,10.0,-3.0,16.0,168.95375481154693,168.94676962581062,-0.006985185736311905,59.640909774916025,59.36826946879358,-0.2726403061224474,0.04593007570750257
3042.0,7948.0,649.0,4409.0,-270.0,1629.0,-7.0,-16.0,16.0,21.0,-0.6026756577396198,-0.64864736465632,-0.04597170691670016,69.7569994537319,73.7461576169972,3.9891581632653015,0.1156072310246241
1048.0,949.0,8292.0,2506.0,2055.0,-3468.0,-19.0,11.0,-4.0,7.0,34.033497817206204,34.05335089728653,0.019853080080324048,136.9392596468601,136.26483362645195,-0.6744260204081627,0.06736344808047455
288.0,9864.0,1834.0,-10.0,-8809.0,5910.0,-7.0,-5.0,-9.0,-15.0,-88.4531763685107,-88.55879698197818,-0.10562061346747953,56.142168840561695,56.85964333035761,0.7174744897959187,0.15181281575428476
2169.0,9225.0,1274.0,3527.0,-7319.0,-1046.0,4.0,-9.0,-1.0,-2.0,-64.21716134557649,-64.21606279225188,0.0010985533246099521,97.3362682234616,99.47434220305345,2.1380739795918515,0.06737313347645421
3378.0,3872.0,1801.0,-994.0,5521.0,3751.0,2.0,-10.0,15.0,8.0,100.24643219578151,100.24501839683406,-0.0014137989474534152,56.23112249364451,60.980803616093496,4.749681122448983,0.06649184740251106
7850.0,4694.0,2066.0,-5398.0,-2919.0,428.0,8.0,-12.0,18.0,6.0,-154.10542479987083,-154.11235236147414,-0.006927561603305321,86.01039854362027,90.803128135457,4.792729591836732,0.14222919081129495
4670.0,6455.0,4775.0,4537.0,-697.0,1129.0,4.0,-7.0,-6.0,-8.0,-7.5223040038313895,-7.524025159191742,-0.0017211553603528884,76.18196366431553,76.23218687860124,0.050223214285708195,0.02676257041629574
1405.0,9790.0,9524.0,7792.0,-1748.0,-5753.0,-12.0,-2.0,-14.0,31.0,-11.69959249632958,-11.749313390186769,-0.04972089385718981,125.76959419051633,124.8225278639857,-0.9470663265306314,0.13942257574255712
1381.0,4079.0,4017.0,3532.0,1853.0,2686.0,12.0,-3.0,1.0,-10.0,29.547633083514842,29.542432315390062,-0.005200768124780097,56.04266897807168,56.409477810979844,0.3668088329081627,0.008849836015347005
245.0,758.0,2363.0,6056.0,2445.0,5866.0,-8.0,-6.0,19.0,38.0,22.54110335286709,22.52220580416349,-0.018897548703598943,48.07025082557485,53.207368172513625,5.137117346938773,0.12354688154614091
2624.0,9267.0,9908.0,6579.0,-3238.0,-9389.0,2.0,3.0,1.0,35.0,-27.19892829616854,-27.280895174887643,-0.08196687871910413,142.01073290049334,143.99096249233006,1.9802295918367179,0.1528849440140128
1504.0,6635.0,9395.0,636.0,-6142.0,-7892.0,1.0,-18.0,-18.0,-6.0,-83.82684708642185,-83.82866369395578,-0.0018166075339252075,141.95974290279062,144.24131178034162,2.2815688775509955,0.0761121320641072
8903.0,4425.0,7961.0,-2805.0,-2611.0,-3566.0,17.0,9.0,-16.0,18.0,-138.18492010563943,-138.2089896191606,-0.024069513521169483,132.93968770644784,129.73975148195802,-3.199936224489818,0.048708994137747326
4971.0,3050.0,3886.0,-1463.0,5016.0,266.0,-1.0,8.0,12.0,9.0,106.4862862804129,106.49181475315163,0.005528472738731693,87.08563996448567,90.51516802571015,3.429528061224488,0.059043557522903536
1634.0,5261.0,7085.0,3952.0,-3287.0,1611.0,11.0,3.0,-5.0,-14.0,-41.653036817940475,-41.720479935776886,-0.06744311783641166,72.59870123406614,72.91439000957635,0.31568877551021046,0.14732730973806
8893.0,5458.0,3877.0,-6312.0,-437.0,-2477.0,-1.0,11.0,-11.0,20.0,-174.03443862156672,-174.0555298273265,-0.021091205759773857,111.37984593267531,111.25787526941001,-0.12197066326530148,0.03632574850836039
3763.0,5238.0,5063.0,1554.0,-2198.0,3400.0,-11.0,-1.0,15.0,39.0,-52.225778206942245,-52.2439807540073,-0.01820254706505864,38.36950685107251,41.42594817760313,3.0564413265306243,0.05556886735795702
1358.0,3041.0,4360.0,3171.0,5689.0,1520.0,-18.0,12.0,-5.0,15.0,56.94201469507784,56.88369219569049,-0.05832249938734435,76.8635933742815,77.75326174162846,0.8896683673469568,0.14834062312414012
4100.0,3739.0,3649.0,5227.0,-2819.0,-1224.0,3.0,4.0,8.0,-12.0,-29.265013978075874,-29.273213054119008,-0.008199076043133857,101.64588941810968,104.81712666300763,3.1712372448979522,0.04605570374616764
3595.0,8327.0,6835.0,-2385.0,-2517.0,1228.0,3.0,3.0,19.0,-10.0,-133.4801301673125,-133.48054866945395,-0.00041850214145711107,70.49859038733862,75.27697048937942,4.778380102040799,0.06648577177659841
3714.0,7601.0,3505.0,2661.0,67.0,3751.0,15.0,-18.0,13.0,-13.0,7.502396492605979,7.622067952136441,0.11967145953046199,35.360870483044785,35.38956946263662,0.028698979591837315,0.15174880596037071
1670.0,4763.0,3806.0,2157.0,80.0,5252.0,3.0,-14.0,-8.0,-1.0,9.244402378749875,9.403503408146438,0.15910102939656312,22.341832017641014,22.083541201314485,-0.2582908163265287,0.14884005863101032
8430.0,2772.0,3581.0,837.0,223.0,4826.0,4.0,-7.0,6.0,-15.0,23.368709480122085,23.092324835616523,-0.276384644505562,10.175422381399846,10.318917279359031,0.1434948979591848,0.10968567856381096
3362.0,2354.0,433.0,2034.0,6689.0,3752.0,14.0,4.0,20.0,-16.0,75.5619820630237,75.59371917290304,0.031737109879330205,61.779403644078144,66.28514343999652,4.505739795918373,0.10226441976541006
2672.0,8064.0,1282.0,99.0,-2201.0,2055.0,-14.0,13.0,19.0,22.0,-84.49557082480213,-84.5262051428799,-0.03063431807777306,46.993614556292805,51.49935435221117,4.505739795918366,0.14800993541091037
4584.0,1560.0,134.0,5318.0,2991.0,7534.0,-12.0,1.0,-6.0,10.0,27.49095705220317,27.426912229823603,-0.06404482237956799,39.002283489777774,41.42734726528797,2.4250637755101963,0.07735640967033015
5507.029802142416,6613.863589807197,3441.266076603655,-3808.280120309199,-3740.6833029702498,6392.026318676872,-18.70160214515195,-16.57297403822345,11.898463814250377,7.558808816016285,-135.13266552860992,-135.1277702103542,0.004895318255705661,39.86608115785083,39.134257178259,-0.7318239795918302,0.07605415101103931
2652.8426581722597,3997.011668804965,8413.359561661717,5061.528254734904,320.54301725083633,-4650.944797659,16.209165711458326,-5.03199340087383,11.498038974494996,-8.012051616163438,5.252168548762441,5.185990212398286,-0.06617833636415504,132.52220581058398,137.48712927997175,4.96492346938777,0.13840596783597972
8766.629451160996,4437.949682241677,3100.2574740416135,-7240.92005677359,2201.1888869339873,6622.814939110205,-10.941944768113277,1.0440365075749298,-6.914595821473885,33.29581473783733,162.57270419103028,162.53376369493043,-0.03894049609985473,48.810960354510605,48.53832004838815,-0.2726403061224545,0.06156870902481344
7148.206895881196,8191.87316159754,6696.742028031602,-4542.687944274392,-6417.431723468597,-4828.200326992901,-9.938905479858544,-18.922073792081292,16.09201158439879,14.826893998691844,-125.90370120383074,-125.95215331768489,-0.04845211385415382,121.5531231229389,127.85254914334705,6.2994260204081485,0.07722193434691894
1338.6660960454333,4247.387584241416,8504.51992878745,3586.0078579011893,2220.8433411911046,-6841.642219402483,3.177297540330599,0.24657466797150107,12.29677325277158,-5.093850005721253,32.307821383429996,32.255151361365094,-0.0526700220649019,148.34534080923282,151.20088927862056,2.8555484693877418,0.06263888596027703
1177.2549875593795,8636.401423518197,832.7477310211806,908.7693661208009,-978.9305454296327,1757.4676233005125,0.12727792290019124,-2.876633435701148,-3.773398132662436,-5.349064932728556,-46.57164427022175,-46.58440627665731,-0.012762006435558249,37.23590161718131,36.87716437228335,-0.35873724489795933,0.07494635482610347
1653.2208143040962,5259.570966016016,1016.637485421128,760.8464743085874,1356.261050647302,239.36038189121166,9.039834966096333,14.275479851605702,-12.498389757160918,-4.576388554509734,60.87008523314352,60.87718901901218,0.007103785868658008,81.2497182770666,78.99684837910742,-2.2528698979591866,0.06287850373591534
2781.295087032619,8832.519254356139,819.0536482079768,1375.6175744798525,-3568.065646765498,4180.405130923979,-4.62196910829574,11.266566074854634,13.670735299057888,-13.81394313203577,-68.8502615621947,-68.85266330931155,-0.002401747116849151,42.45095445850988,46.942344764632324,4.491390306122447,0.06123008647733529
9140.18862337486,8320.27113697359,4131.072693917435,-7135.8481662914255,-7430.068777661554,-2185.9401048828163,19.941233236335144,-18.03558779972413,-15.233963358085996,-13.0,-138.82292005741135,-138.84954999550592,-0.02662993809457248,101.97995574387825,102.19519809081702,0.21524234693876565,0.0651435893902882
1877.6610644805414,2652.0564643609046,7937.290598540413,4449.64125196471,-887.9395801267087,-1219.7965550769732,17.33478586492638,-1.3255259055640138,18.311938150356454,-9.0,-11.705960458960899,-11.728304169513216,-0.022343710552316765,105.04725057059044,110.60050312161086,5.553252551020421,0.07640371590906449
1178.9326964261427,1792.8976737379853,5638.194784309144,2572.8878055118876,6908.142630764627,772.0715631424146,9.93017882802399,9.626839945828237,-2.6645086409368304,11.0,70.64574917208229,70.68071563690695,0.034966464824663035,84.02096400185928,85.25502012430826,1.2340561224489761,0.15048432869988237
2613.172666898853,3745.6628011666917,227.33315048140358,725.1409730160517,-1609.9348360010213,5582.948283551405,-9.997332904435513,12.35117470075771,-3.770862323328359,-2.0,-63.63699599963023,-63.77911863010418,-0.14212263047394913,17.550483743085454,20.506478641044637,2.955994897959183,0.1295722984563556
8211.143572875542,7055.284996134995,1555.786311861338,-4134.827933800254,-2349.006963405328,2519.513352737077,-12.554438071330708,11.331196363909534,-11.87251670570356,37.0,-147.3134645645875,-147.39243547940941,-0.07897091482192309,62.08481624391925,61.08035195820497,-1.0044642857142776,0.12259498924986006
2726.4712389174597,8069.429554367686,73.3497625887658,209.89927219536958,-6542.490064802309,2508.1417797574104,0.9811645660896602,-11.710949551133712,11.952615410375959,12.0,-88.27259053773452,-88.28057331691467,-0.007982779180153443,69.034925537499,71.8330760477031,2.7981505102040956,0.06799859396000262
4762.408490664315,209.9507767934372,5499.245999697784,253.07838699161766,3387.366514825475,-1525.2866832722525,9.5373874725366,-0.4735544702020036,-8.853933176971246,17.0,87.54174749688549,87.53595318325934,-0.005794313626154235,114.18176695493078,113.6831221845226,-0.4986447704081769,0.016910706203582874
6431.665833380957,6815.943530770341,1026.126420073289,1075.3136446809276,-1567.0392363197589,5416.212923179108,-5.957518871124297,-5.862898620773414,4.070750068110932,27.0,-51.30760420889806,-51.45654034391528,-0.14893613501721603,19.33553706292027,19.823419715981498,0.48788265306122724,0.09925871178406122
1575.232885004767,473.97623843678514,6432.422181911297,7924.626446056889,1290.771487994231,-3298.1466414003594,5.717925184623866,-1.0599704245215165,-19.229786819195837,-16.0,9.641283127434058,9.642638386604625,0.0013552591705678907,112.33169243504233,111.82228554728721,-0.5094068877551194,0.031140514895269075
9040.868026443088,4628.107733757837,4521.978554103376,-517.4268093404407,2432.6389724542205,5351.717310700167,-7.789252506144454,18.81634752572164,5.239320034826008,39.0,100.31803388123303,100.14312971399124,-0.1749041672417917,24.925314928765026,22.715493500193602,-2.2098214285714235,0.11943358458970268
3340.6153509431015,282.9930041805573,3962.412402008585,5706.994625172497,6596.097268968817,2522.2445438365016,-3.280110987073993,2.086388254927158,-6.515461162639609,-10.0,48.38484476467083,48.371214629790956,-0.0136301348798753,73.8715905233951,75.34958797237469,1.4779974489795933,0.06553638780404947
5389.773563526452,8004.353793711315,8045.109546149357,4315.275684533918,-4494.126158461288,-6959.23258638908,-6.576432473682598,-0.7290520870952832,-15.814093304374651,24.0,-44.86311051621465,-44.908505903734174,-0.045395387519526764,138.16250664164662,137.4450321518507,-0.7174744897959044,0.14097873728086288
1372.7348850415622,6792.946561293386,2534.918838964778,8251.992073264548,2035.2467196914376,7433.77572038129,15.724456781651398,-1.9528647866396867,-18.22847697150859,30.0,15.25026398138026,15.145222529169656,-0.10504145221060313,48.825860015113975,46.845630423277235,-1.9802295918367392,0.13063468885373072
3046.303158459509,3271.7046915698443,3841.785123741507,5840.389255494168,1702.8141266604057,-446.8739987621575,17.613356500570156,10.44021754400162,15.518375293414984,-18.0,15.301254298931864,15.235297394305091,-0.0659569046267734,94.20117240814133,99.05129995916172,4.8501275510203925,0.13778203500739705
7211.996115058368,7147.10633818838,4857.313676471804,2283.569379985318,-1568.8435390777013,-3120.812832970012,4.3006954729885685,1.7290416688099484,-12.156030655673597,13.0,-35.48196494146453,-35.54466678392597,-0.06270184246143629,138.40241425850374,138.0436770136058,-0.3587372448979522,0.0757129685244377
3853.4538514519454,4581.617211428784,5017.876070554436,5457.959985694663,3366.762684287235,-2230.674440914162,1.288969470212507,-7.130930970719081,-0.570387267613377,23.0,32.89381234580625,32.862805050513614,-0.031007295292639014,109.17999692316417,110.58624692316417,1.40625,0.13384199609460026
8356.399937934275,2582.47996569827,2413.5667675698755,-2882.82556870218,6898.263805739749,3244.2669462067374,-0.6348071493420022,8.328340661628548,5.377612021381669,-1.0,113.19490066566631,113.19324690422232,-0.0016537614439897652,66.54235250821526,68.91450254010302,2.372150031887756,0.008796835707379576
7098.000983448106,6349.70587459148,8890.118357169926,393.02148370367377,-3941.959711595466,-5182.785298421837,-4.142623303277023,-6.668865852932488,-15.793771890626985,-8.0,-82.85911443373,-82.86634916197696,-0.007234728246956479,142.60722011453907,142.90855940025332,0.30133928571424917,0.07782309704895923
6870.254557881829,3257.379695109943,7060.550237403086,1964.3221723602192,2698.2929890731366,-1633.3157675773246,10.277101115511638,15.79173149162687,18.309786447267754,-4.0,53.73348361407679,53.72354395610827,-0.009939657968516258,116.07589296862525,121.571747560462,5.495854591836746,0.07742136897597186
3492.0636115248994,3898.654846132313,712.3443801836138,-449.8031795943557,-1380.2917197935158,4659.200099058596,17.868014102459504,-3.4287437782077888,-6.301135673299537,-3.0,-118.78183044233946,-119.00771235478318,-0.22588191244372524,17.306205262374647,18.023679752170572,0.7174744897959258,0.14850524495507264
1167.275993456014,6224.827087769237,1085.8725951748581,8806.694926533226,2621.417287168023,1289.3555634233792,7.943309588339016,1.6789148505183675,16.525432414049874,15.0,16.68917519000147,16.691266179398493,0.002090989397022014,82.01230854882185,86.90907194167897,4.896763392857125,0.013695373661453965
8563.61012758738,1577.783786631173,3793.066748539324,-7286.68578937781,6683.418307357337,-485.8355197900496,-8.999628382430691,-8.305534380851034,8.723901110786095,12.0,135.33173655146908,135.31956561649352,-0.012170934975557657,92.81302476313378,96.96720205905216,4.154177295918373,0.03491942439032557
9971.522687719187,270.94555325617887,7999.728218046546,-5742.312131158618,3948.0689122877357,-5736.8647385606455,-16.34985457616454,19.675608400772106,-1.8351672241416708,11.0,147.15337457178686,147.16098952649736,0.007614954710504662,129.46274340671945,133.7245418761072,4.261798469387742,0.06919696015191731
4970.6926064399095,3569.7361785802727,1961.153472416416,-1384.6665929635028,-399.2102574560986,-608.1429807575312,0.2107321032295708,-11.061621395768665,-18.3934025828302,35.0,-165.80065196406636,-165.86002319811197,-0.05937123404561362,112.88019190247456,110.55557455553578,-2.32461734693878,0.1266676767971757
6721.549703876219,5394.750014372086,9405.29807666544,-3582.703884595067,275.63696829139826,-8328.157127539873,-14.935321344686079,8.842743229749289,-16.423292746992793,38.0,179.06590396691945,179.0133719633946,-0.05253200352484555,156.66159115419043,158.74226717459857,2.0806760204081343,0.06104731248592623
6987.213760714508,1096.0500293981934,6554.848020112638,504.2434092658059,7952.790140380133,-2683.4267506572446,-3.8567538191137594,17.191301864152507,-4.206272354110482,29.0,85.47424256977956,85.40020520106988,-0.07403736870968203,108.61060944634905,110.76303291573679,2.1524234693877418,0.15471499457581883
5910.964422752749,1871.563140877377,3828.9658896258484,2897.681710583104,4235.692714841376,1111.082976503612,7.84667285028954,10.637150854497548,11.354324212762261,-16.0,55.71274540430041,55.71628218551969,0.0035367812192816928,77.78399698179886,80.81173932873763,3.0277423469387656,0.06123625065335132
7722.438003451591,8638.826641097394,9454.030404551762,-4304.263905829432,-48.6926764030959,-3701.5683789597597,-12.562275893187426,15.664790674005012,-6.036492917594112,11.0,-175.51706827969622,-175.50221905393883,0.014849225757387785,130.69296435777724,132.4436021128793,1.7506377551020478,0.09012058949637845
2131.2390543702254,7360.911741326345,2522.9693377091344,3550.9134930115,-535.8437337527857,-336.8258964551228,12.39941076332154,17.057325474686508,17.911669935057837,-1.0,-11.940508919778662,-12.02516499609472,-0.0846560763160582,95.35833592983974,99.63448388902341,4.276147959183675,0.14428573129787622
7661.5541522095455,2072.5747212396473,8082.811351264116,-1513.3659086975858,2560.7597431478853,-1147.7641750364846,0.9627854978727726,16.82212510390592,3.774309736626819,-8.0,122.50997743700765,122.56323259936842,0.053255162360770214,111.09987570471326,113.59668692920307,2.496811224489818,0.15022692873485896
8141.474718347918,4968.719024101924,2114.5561190405037,-5199.832832413026,-4792.784202918048,1716.7602298368224,-17.781703547015653,-19.087130990594833,7.476239791748224,-8.0,-137.70100160737067,-137.7432675139924,-0.04226590662173635,76.35458740773147,78.39221495875188,2.0376275510204067,0.11914453293495898
3221.589511700219,8563.379719009601,657.0629793109883,5467.452944391002,-3157.9966578243575,2604.672672948649,4.433624383256177,-17.9407226949419,-1.6537352947654718,34.0,-27.603104401394546,-27.57800066194882,0.025103739445725637,67.58255245830908,67.99868766239072,0.41613520408164106,0.07731793075060227
3422.2742674640626,965.4304607969843,6256.76039205182,-3242.288186844694,2757.206151923669,-972.4343618516941,0.505647584824132,-5.731422409382457,-11.451744438446907,14.0,138.89160019123955,138.88797333416514,-0.0036268570744084627,102.86995178328992,101.86548749757566,-1.0044642857142634,0.13563836099010185
4442.651479450307,9940.21264471374,1381.5179533478383,-1287.8037161224324,-1279.2281832330027,5863.06498206101,6.42760007793791,13.957156851770101,16.558262776299543,16.0,-132.50458455948842,-132.55642506205052,-0.05184050256210071,17.202265128993208,21.04075364940137,3.8384885204081627,0.03699198583444047
1412.983055781102,6547.83881616372,4975.943354405842,591.1200754009626,-5370.554586255564,-3210.4738216436717,1.480285739526579,-11.090754597009752,-9.379748379472117,-19.0,-83.77436909849344,-83.77917402310386,-0.004804924610425587,120.71892527852536,121.8525349724029,1.1336096938775455,0.06188170070751667
3730.478648033171,417.0006374229496,6760.961620103364,-2260.685440419106,3709.582431613474,-5606.7444299219105,12.276817201145832,-4.317915033749884,-15.600356051143258,24.0,123.52560833049709,123.4568317375139,-0.06877659298319827,142.2311469200478,140.3657132465784,-1.865433673469397,0.08775532671580569
5056.744830802598,9274.97645510455,1284.6621441367045,-228.283562339142,-3888.2672709244616,7947.908727961512,-1.5782825838827748,16.0806991962817,-3.6236787614914654,16.0,-92.4240375186763,-92.51167479108379,-0.0876372724074912,26.107688400560953,29.537216461785448,3.429528061224495,0.07617626674460921
5369.0831706630115,41.12898981353141,590.7476239473319,883.897999257395,174.99286681737394,5367.387303076099,0.5806476303533117,3.734181720893332,-0.5746460455230888,-14.0,7.159618348220202,7.202426530006077,0.0428081817858752,9.529709499431009,9.554821106573863,0.025111607142854098,0.01711486886153006
7561.441050734121,6959.850734111123,5157.9693448200105,-4515.907405967082,-5343.151416065644,-1291.2596530748647,-8.973380098754111,-14.804796062150087,-1.771649118609794,-6.0,-130.70657865511882,-130.74345072570992,-0.03687207059110165,100.45759613601123,102.61001960539899,2.152423469387756,0.10587986409862252
164.23130669542928,3320.8946954118755,7310.902338204336,1395.4467677404903,4201.31854284067,-880.5111154387323,4.999638411248043,19.014464882186694,-8.295248609423123,22.0,71.40134447091734,71.38375402337769,-0.017590447539646448,101.2490738808541,101.62933536044594,0.3802614795918373,0.03158818529497834
2766.00621973229,799.6565317977867,6273.567285159599,686.1714973400922,2953.3231718550514,1340.857501961149,13.038205578566235,8.775484365939256,15.304583295700716,11.0,79.01528713275673,79.09859774408686,0.08331061133013407,66.14320649305375,68.64001771754356,2.4968112244898037,0.1513303210053083
3442.439430352019,6042.162890270382,1470.2970174276109,-2701.23922470454,-572.8575664607779,465.3955321209046,-4.799608683176855,-2.039404255947403,-14.211917546184685,21.0,-168.1996124851819,-168.20148934613198,-0.001876860950090986,80.43320493781675,78.58212075414329,-1.8510841836734642,0.045456795748416205
4274.99487284849,2025.9990606225674,2809.891913742724,-432.67934200413174,3338.155817337337,1290.1551442976606,10.219823224386833,7.717820172323396,-1.497728361244448,31.0,99.4077780377571,99.41504298679918,0.0072649490420815255,69.02911244320045,69.21565581054739,0.18654336734694255,0.069399896707069
8363.83366766726,7018.723528144093,4829.715156911582,-1675.212070107662,-6984.445060383465,4806.292594440875,0.16301316281635536,8.418588860652306,6.700207743470202,15.0,-103.10392241886032,-103.12509510785311,-0.021172688992791677,56.21099335446927,60.09970508916315,3.888711734693885,0.07664826140382858
4910.486336506412,5869.6612929403445,8429.003488740387,1353.046781109797,3100.3262916878584,-4930.00432885999,11.076408129688847,15.019415527862364,19.686285050931353,14.0,67.90883320750666,67.79921999713744,-0.10961321036921845,145.54409522403915,151.02560032608,5.481505102040842,0.14797925895045627
2755.9621758383723,2431.533474807145,9187.263124232115,-2475.20815174234,-669.134219832629,-6424.274905901719,-9.031300557416703,19.007495493338332,-19.32790222841406,-7.0,-154.8521379053754,-154.95363597186366,-0.10149806648826143,158.24205483835232,157.9981135118217,-0.24394132653060296,0.07454970683076348
3916.9995563560046,8199.551517417412,1933.4902743781313,5867.323189993407,-1805.725225892781,3708.0635116405183,14.139945263074956,0.2545298643888074,18.53277136523233,17.0,-17.985382280920447,-18.077898565248557,-0.09251628432810932,58.86688626682072,61.937677083147264,3.070790816326543,0.13984169536853341
5630.576459365915,4398.7120278180955,8085.579975233859,-3027.342410830838,243.11903206747138,-3623.972817567006,-17.009006207173556,13.604304565523414,3.777619609089111,35.0,178.8786305874156,178.8461097199038,-0.03252086751180627,140.03513795890655,143.49336499972287,3.4582270408163254,0.04736764088425757
3037.6686082957417,5260.307076655722,3723.1277716827617,-1695.4362049166261,3205.4544225059226,3776.5048741120254,-9.0027411052233,-8.280423876336016,0.3314117401652048,19.0,114.89555626511115,114.80801715128484,-0.08753911382630974,43.83694933061624,45.30059728979991,1.4636479591836675,0.14760706426504683
8575.326586787689,318.3576901082397,562.3903399652053,-6317.379385651794,7183.573635587995,1.5009459609204896,-12.821920052831754,-5.04235172264719,13.950046425065693,8.0,129.10544604765744,129.07653615660976,-0.028909891047675274,89.9910102780495,94.79808935968214,4.8070790816326365,0.05399218040204497
9948.135454389381,4392.394745190698,4551.120297540534,-8700.43001919777,1229.6207645552477,-2710.9863752889705,-6.22315133437144,-17.84411704234821,18.66687952705609,10.0,168.49518323814956,168.436424169245,-0.05875906890457827,107.14636713234604,112.7426681527542,5.596301020408163,0.14667740479759292
5806.999306820774,8908.111152877855,475.5994029694799,-1868.1880976302218,-4015.878828269613,701.6973264407987,-5.4483555598161,-16.404347998162226,0.5761158353039484,5.0,-115.29469298502481,-115.31581476140373,-0.02112177637891932,80.99762539683385,81.70075039683387,0.7031250000000142,0.07338892631280383
9641.001701251647,5198.653437954582,663.8346126486994,-8273.483176275182,-5162.466423443569,1753.1709913029645,-7.591467102964447,13.683188353111184,14.388445750076045,35.0,-145.43371553590217,-145.4615795098092,-0.027863973907045647,79.80848836234925,84.47207254602273,4.663584183673478,0.07528640349147413
8243.921980781332,7324.18898702373,4877.313016831639,-7929.322765543823,-482.55297090990916,1859.6398819857586,-5.059801621133101,8.72309677458004,-15.431380664276023,-7.0,-174.77310293971385,-174.80589165415483,-0.03278871444098286,76.82465951577784,76.20763145455334,-0.6170280612245023,0.07517606608064059
5560.4246799321445,4566.466667678448,4964.401706105381,-1892.3686591879596,-911.617299134426,3046.7505154620885,-0.27206368065514397,-18.88816976220509,-9.593069297009041,-18.0,-160.34524733132227,-160.47609796109953,-0.1308506297772567,34.58328955067063,32.94744771393594,-1.6358418367346914,0.14327781943946122
9439.85080314044,7227.525729550393,2938.982568902664,-2705.614838414559,2494.3758729158717,2545.1112589973472,5.123109559809336,5.402384397091442,19.247884668296123,-14.0,138.94842776624102,138.95910828430934,0.010680518068312495,55.331884954924895,59.38561582227184,4.0537308673469425,0.03645560750169677
1668.1749088137276,4074.03724020994,9674.444444588256,1071.3249220817365,5699.042004508003,-3864.597235266204,19.266191084709362,10.625707407284505,3.4452590781501016,37.0,82.97603633434446,82.94362873659988,-0.03240759774458013,123.68109405370414,126.9097292577858,3.2286352040816553,0.07659924577676842
3504.4351282514485,7693.894110289989,5765.402113444654,-2442.3819306083315,127.03418955981306,3697.612666881354,3.4690411632787352,-1.7551081466526242,-0.2247938588963727,6.0,176.50426072316253,176.4885044576025,-0.015756265560042948,33.481537984884916,34.73711834202778,1.2555803571428612,0.03854266126434953
9291.345169109165,7491.352554820652,7109.519047930324,-317.31153237701074,-5907.121899994831,491.79033179672297,-7.948614688246053,-0.04175031444784949,6.5437721802047975,-2.0,-91.59018395591285,-91.5926675283353,-0.0024835724224487876,85.24770393507767,88.2467473024246,2.9990433673469283,0.06992721197457728
5593.705095538213,8338.138391880022,4886.695422330853,-3786.9368946593972,-947.9284294245981,965.1442308481592,1.7491426394993148,-5.3855298919078365,5.2313817742316076,-16.0,-167.03878099850408,-167.05358624348844,-0.014805244984358978,76.11303434548044,78.27980730466412,2.1667729591836746,0.06709806005027662
5652.788216952687,6233.141136234773,5240.986393106846,916.7498490098724,-453.0804890623076,2188.819188814761,2.9196097907500302,2.2308640582230694,0.9164383947125643,40.0,-27.636593487972707,-27.668050516716455,-0.03145702874374834,25.041645910078532,25.113393359058122,0.07174744897958973,0.07022535435455778
9236.769814792331,2361.1874504754906,951.5853101355453,-1907.4172589147647,-779.8484792085028,8256.827384573513,14.693941117414276,7.849293837961177,-2.288318036543462,-19.0,-156.65567964701174,-156.75392653949245,-0.0982468924807165,14.013210746636346,17.729728603779204,3.7165178571428577,0.0656015607159718
6374.34292798309,2512.1266331434012,1750.4701736511308,-4229.723148348223,1944.5898498084566,2069.0776594901736,-13.340606743578434,13.378478724789986,-10.558292815381488,19.0,156.57539035028952,156.5954858098718,0.020095459582279318,66.03702443105321,64.2792119310532,-1.7578125000000142,0.033400972495199154
2220.132559323166,1943.0334311076936,7344.1966949127645,6288.007134880146,6592.115992112005,266.7475218928703,6.374696229246229,10.82694968598306,9.222991512185551,-14.0,45.80298220592012,45.77753402987035,-0.025448176049764015,88.32284606565497,92.84293535136926,4.520089285714292,0.06664489162201068
5365.02336664307,3014.29867512095,8286.353976963885,-2431.4845293567855,5046.40638006443,-5920.695902564598,9.037221952857596,6.4640705040584905,-8.627318374652685,10.0,118.53095933220347,118.43277343757552,-0.09818589462794591,136.58614342641582,137.30361791621172,0.7174744897959044,0.1273005752134927
97.16053343120757,8065.685136119511,5729.336397492148,6281.841997672485,-5882.835679310205,2312.6479926225757,-9.160253580551426,-4.88782902544914,10.464221123068846,17.0,-41.31627900997581,-41.36022123275883,-0.04394222278302351,74.95911847546279,79.36441184280973,4.4052933673469425,0.07702057589848013
3673.7202826089897,4840.2295937675335,6367.074938844226,-3126.4649212162453,-2702.6236480865764,-66.98551531780777,7.457366007883678,-15.144766331362005,12.292261487599532,-6.0,-142.20693632740128,-142.24637601938738,-0.03943969198610375,90.92861314594488,94.45858763574081,3.529974489795933,0.12166614925393289
4745.194379714085,1311.2442981966376,8858.488495933561,-2075.853750352112,7487.075313751047,-8772.44280143823,10.349193538012269,1.3828411524170434,-19.434901706305418,12.0,108.12334537689335,108.01253755758948,-0.11080781930387218,138.46953348161557,138.1538447061054,-0.31568877551018204,0.14997505608674502
2815.9359644942806,8344.468390616546,1216.1291320303812,2008.1087034635784,-4268.595711344804,8754.72580232117,-6.431798800850146,11.150749839401072,-8.024768703146613,25.0,-64.42800018276948,-64.46817264255883,-0.04017245978934625,28.31733793289598,30.92894507575312,2.611607142857139,0.09929685378229154
5524.384849497454,4965.247829176919,2310.6494222028696,1625.022794203378,-2565.657470156095,2434.632546922042,12.432300429298408,7.742994351268237,2.089613757444127,21.0,-60.869988960307545,-60.948709324891716,-0.07872036458417142,51.2822374579658,52.34409970286376,1.0618622448979593,0.13690697844550279
9535.425378810882,169.6266683157499,8067.541900456312,-9516.146764489298,6982.049322683474,1799.7830375888243,-7.5495881584996525,13.825657171365648,0.40182612955567976,24.0,144.95057854346442,144.98366785236803,0.03308930890361239,81.32988072642104,84.18542919580878,2.8555484693877418,0.07635191525821468
1689.872217135283,4545.467492141949,5896.42568130341,-1546.421420338865,-1923.0371457565066,-4410.804072762547,-7.613658831254014,-1.0970281975977834,-2.9712156492007864,38.0,-126.9748686942035,-127.01735476434229,-0.0424860701387928,150.7745249704924,151.9296588990638,1.1551339285714164,0.03689319903284121
3362.605515937478,7708.291160035973,4593.973884476233,-2088.196805779191,-1927.1209845139174,237.1124863147279,-19.50638005495817,8.265933296921865,12.095975615542649,38.0,-134.03330407379215,-133.95367666290127,0.07962741089087899,85.23000425456138,87.84161139741853,2.611607142857153,0.14447330466072453
1012.4569146424411,9229.89405689079,7286.977369826559,468.0750099644571,-3041.768746413203,-5106.462697383469,-8.19929639641375,2.862385737151829,2.4790909987924827,33.0,-78.75076177997649,-78.88803771528471,-0.13727593530822446,148.92339343024219,149.29648016493604,0.37308673469385667,0.13929994838181783
5240.891740463424,7627.884485632187,6606.904297702584,-4648.053471361359,1.4952596911780347,-4329.279700664482,-4.31423252323469,14.704374331082676,-12.149660600966211,14.0,-176.5484775967013,-176.57106487065897,-0.022587273957668685,132.9663521379058,133.05244907668128,0.08609693877548352,0.1361172523458739
2189.3858593106274,4539.151387863703,8989.982731039017,4914.008356553182,2518.027080602671,18.932949333579018,7.038270081978872,-2.3817854544489556,16.113822115262415,30.0,28.080761183009812,28.09560961898871,0.014848435978898067,89.80353953250766,94.15143494067094,4.347895408163282,0.07531964079027767
5054.650917171357,1583.6242650706688,4066.870413214557,4839.220589023709,4649.807306905592,3859.1052248721485,12.088903641302096,-13.07495499834394,16.051431942862294,20.0,47.38968644767625,47.34093130208327,-0.048755145592977556,60.09964185247039,64.43318777083775,4.333545918367356,0.14539700186226798
2356.5852173277835,4715.433689132406,3809.6990089271776,7274.435136360102,-3861.305218211134,-3090.256516450224,9.384109213663795,-3.853609251845974,-2.0207017146429465,-10.0,-28.15178530908808,-28.16440942162545,-0.01262411253737028,110.56739818890024,113.10725788277782,2.539859693877574,0.07680407728762266
7903.561133901926,88.52307069755594,4413.907559447469,-6720.407166951787,7265.310520743945,2062.016221580642,-12.352275117950779,-16.32522710956547,17.707652017338432,33.0,129.278982333703,129.22208240479537,-0.05689992890762596,78.23081074052287,83.88450972011469,5.653698979591823,0.14047165313084742
8073.152904558233,7169.527470364252,3844.6653001373734,-5163.233794424879,1230.7003179707335,-3078.2311267423447,-8.861453333879377,5.676720395925308,-16.22638055701108,-14.0,167.31045051835974,167.3254504051869,0.014999886827155251,120.11098543582287,119.94596630316981,-0.16501913265305745,0.0317348688096985
1257.0410496989825,1882.5350031544763,4156.235030285784,396.33434347625007,263.5710387529034,1476.2062182057998,-7.786482397915066,7.340379102947043,1.7795698035913077,34.0,28.01325401171735,27.924638782610618,-0.08861522910673258,17.87088377816606,18.53096030877831,0.6600765306122511,0.12379727847934671
5408.728572832255,9314.725179074894,5271.193130720423,4122.107354299158,-4041.3992919015527,-493.63622656126427,8.17030991440933,-0.351864843532649,-18.60262810084253,-5.0,-45.43693224766628,-45.46605224195266,-0.029119994286382678,94.88755288698708,93.23736156045646,-1.6501913265306172,0.07301606214388136
7575.551298660369,2411.3071070544324,3870.594230457397,-2488.083748650045,1890.665149316677,-1424.7399266382831,-16.60577801642124,12.26113137182763,-10.069554334782666,20.0,142.71555324862592,142.71078993460873,-0.0047633140171967625,114.5095359614445,115.16781880583227,0.6582828443877702,0.00991399655897542
5374.909131664492,2679.8324896025983,513.9742886050913,622.688175726842,5141.437632679495,4136.757167294574,15.73607937249318,15.146096082011816,3.4471618098642125,33.0,86.10258578786701,86.12536229059113,0.022776502724113357,51.383722054583366,51.2545766464201,-0.12914540816326792,0.0759571268111302
2851.1185130022777,353.05052471283904,1760.3051653559576,1807.6526942312184,7941.2069508911145,3392.5846709359284,7.169559036923584,-11.68151034517249,19.086917382765883,1.0,78.98320995471329,78.9138089545582,-0.06940100015508222,67.38548785561998,73.49837050868122,6.112882653061234,0.14250531034351108
3109.297646449998,3269.0125712400263,382.9960114888442,2901.003613075178,4434.79278361194,1473.853652691548,-4.044470661400791,3.781796387795442,-2.7996896638513675,-10.0,55.79754190263798,55.78257108490707,-0.014970817730912245,74.45772900549107,75.38327109732782,0.9255420918367463,0.03730516582405606
5112.256973643889,6126.512864349107,5115.0357285771215,2844.569389965506,-1424.3119835209318,2555.062388612898,-15.868128248761778,-17.097031854549883,17.240834979454945,-7.0,-21.45986332903493,-21.520052586441544,-0.06018925740661274,51.22970240664914,55.56324832501648,4.333545918367342,0.14525443563919263
3221.609143852765,2637.917491643426,3087.747474468222,5828.125139662623,6556.26766288104,-1203.371357313471,-5.499892504993241,13.217568318392274,4.0952723245255065,17.0,46.1249803151032,46.064464505074525,-0.06051581002867579,97.81107765607781,100.82447051322067,3.013392857142861,0.1405314377219534
4300.732272569795,4833.511940985237,9926.307026235294,-3546.387343740649,557.384028361821,-4205.775176653991,-3.0692081877005464,-19.713113753672555,-2.2271212326881695,28.0,165.67053842767362,165.53784377200282,-0.13269465567080374,139.51693473542701,140.11961330685557,0.6026785714285552,0.15121129600559896
5844.2965397147655,8842.884505732076,6777.014426999675,-3085.3697247330697,-5341.34775503765,-499.7444196907318,0.9643641873911264,-0.701511711231511,7.483204090961692,-3.0,-120.23370569737475,-120.23451855101221,-0.000812853637469857,94.63178720858325,97.87118453001182,3.2393973214285694,0.014656283572894748
5666.560651226911,541.6123848728538,3981.2737301843226,-3626.0945848047177,882.7414475771312,-580.8486709962822,-7.204738755341541,-18.903163351407287,4.196779966550629,-8.0,162.60957657361232,162.57132577819667,-0.03825079541564946,98.84655061509508,100.71198428856447,1.8654336734693828,0.09647162590393597
3064.077479738486,8913.582545889103,7268.600322495895,5061.011192632317,-394.58391373718405,-1715.8220050574837,19.436443656111386,2.10286850189755,-9.393227399056752,18.0,-5.132735262222875,-5.19287597511147,-0.060140712888594905,108.6753444150882,109.45021686406781,0.7748724489796075,0.13797179382323535
9228.327867634438,3145.1990017882504,8473.216205482653,-5725.9847316030555,4007.097168340753,-7309.181120113388,12.289844629758655,-0.6277400896969851,-5.008338094990151,21.0,146.6063469291905,146.49036558889657,-0.11598134029392781,136.28351860936888,136.3122175889607,0.028698979591808893,0.1475801833750269
6574.3076215483425,2069.0458146203537,760.1980247817808,-3313.241081813711,588.6387788724437,6881.951097976325,-0.08019192825754118,0.03751672691899799,2.2848914161462055,40.0,169.93448927971843,169.9340340906757,-0.0004551890427251237,26.05762732105935,27.028011568508333,0.9703842474489832,0.009904978304934642
540.1446160766676,6964.4919079968095,7729.371712040684,4205.768645154845,2043.3006008166685,727.10373762153,1.986961669870059,16.498664734509006,-13.282642270535634,37.0,23.427730712922436,23.36299416056411,-0.0647365523583261,81.16118374419953,79.81233170338321,-1.3488520408163254,0.13140160873878257
4226.6189173336825,3326.4031922046897,3137.459263816178,-3159.854608007952,-798.5431367178385,-127.14806504561147,-10.548079375151701,-3.0119029099493844,-13.13954956386912,37.0,-165.87334538158407,-165.87532129384155,-0.001975912257478285,92.23409614269164,90.8708946120794,-1.363201530612244,0.046629169400321566
9303.707726125684,1048.2257840826526,4176.498907989894,-2458.7673019161557,5740.512384081675,969.2938851177632,-5.4281029485882435,15.653310727088346,-8.330372488778055,40.0,113.3869500280005,113.3943375651903,0.007387537189799787,81.17733896180205,80.82936383425101,-0.3479751275510381,0.01685678239655209
6891.767598019534,5111.411516779541,4834.394845171507,-1076.9447127703434,-1424.7405951553242,208.64694358194356,-10.029788503179628,-1.260853840368,13.801491923460816,13.0,-125.80070563091964,-125.76936397287103,0.03134165804860345,83.33660058584343,86.07735313686385,2.740752551020421,0.07184904236579763
8395.32832341182,395.7179422369994,4241.75091324928,-7202.370076366487,4759.224148101821,-1582.1556835818587,-10.338440086275678,3.971579911803932,-5.378425222388611,-20.0,146.0933098337556,146.0671798047744,-0.02613002898118566,100.38555149194897,102.25098516541836,1.8654336734693828,0.1150143538462024
9630.503805121723,4542.522894181311,2205.937409317328,-4727.848224413512,5085.833946784334,-913.9421492538934,11.262576753768077,18.946793256760436,-0.8856526324458045,27.0,136.48447707271933,136.51917031342617,0.03469324070684365,97.49801735240601,99.13385918914071,1.6358418367346985,0.10542883399796048
6655.862428563269,1887.2307523746335,3612.2031029682844,637.3540537147755,7264.566521204142,4871.522415012321,-0.44132138740428317,15.82466533261374,-0.06501656948620038,25.0,84.59574956560198,84.55960969071404,-0.036139874887936685,56.256255400037844,56.52889570616029,0.2726403061224474,0.05809887962143169
2698.829208585771,8811.110491859476,7495.068170991522,183.84885128918359,-5571.033763575226,-6203.5515816054085,-3.3074111861658864,1.7062006147207462,0.423029678302008,-19.0,-87.20025948738233,-87.26284018646484,-0.06258069908251684,138.05940914672786,139.5804550650952,1.5210459183673493,0.09117410249703992
8347.839138926263,5989.537495108609,352.3164764692399,242.93396014337486,487.3872451214411,1874.1764416542462,7.730264571917278,-14.753965264191438,5.5127403711987775,26.0,70.76641411331958,70.70445468614834,-0.06195942717124581,16.202187863683683,18.28286388409185,2.0806760204081662,0.06188500810715059
216.71362996664277,3724.109197737773,5303.523254329569,4386.6264865253725,-2099.505939072219,-2142.801270214324,13.112094855997853,-7.376709362322632,19.67637463490938,-4.0,-25.372006688477065,-25.37316507703223,-0.0011583885551651463,113.77916583120683,119.47591328018642,5.696747448979593,0.07630792396399964
8571.237767383984,6858.374223817399,120.53453607266063,-5678.3008721635215,-5306.262050297285,6880.456521889404,10.218524438459301,12.747202601285224,3.3990847051583195,11.0,-136.41166749493163,-136.45661391352033,-0.04494641858869386,48.48087534902531,52.98661514494368,4.505739795918366,0.12567173515789856
5291.878538428544,6063.763298116791,2115.369356356742,-2206.489408542586,3884.7573494336384,826.97250650961,-7.5210092618825275,2.076614146842818,-4.404526893255415,15.0,118.62728740627728,118.60552585511793,-0.02176155115934364,79.51312181898709,79.71401467612995,0.2008928571428612,0.09986938840518263
7293.206063791188,9238.870937595299,165.3383851432788,-1147.2125155665908,449.3592784618213,9251.022806298084,18.036111011942943,6.607162368297853,17.118421116201773,-14.0,171.2498600827131,170.7804812909445,-0.4693787917686052,7.586184456704958,11.460546701602915,3.8743622448979576,0.15570078531322964
5867.304005733064,961.5253565359261,9587.101411754144,-3462.6420985898253,7773.456956663461,-190.95945055029006,16.328109611269568,11.946715510538283,12.69840672148436,28.0,117.57217615905992,117.60003010109625,0.02785394203633018,91.28549997506856,95.94908415874202,4.663584183673464,0.06419190824691799
7654.241993877793,5145.16734875034,1951.83314452566,-688.031031386523,1683.1103174202735,4676.377025968349,11.034945006903083,16.853800377161136,3.880005315411566,39.0,120.43914913708787,120.28096001729743,-0.15818911979043548,21.247501829586632,20.300435503056026,-0.9470663265306065,0.14767200560719157
8514.387562411208,6003.96556328572,5252.577538081886,-4459.192300145848,-5684.021473203627,3832.3602321806457,-19.414515373843116,-19.56171965478046,-5.773672913270929,20.0,-127.44823156517258,-127.42813713150089,0.020094433671687284,62.0553109439642,60.6490609439642,-1.40625,0.089673329562959
5046.397038827177,1932.4044529855955,3414.35238285328,1382.8504884384747,-1419.9423062948836,-2767.7877055531962,-13.579584126992144,-4.9414369070004405,-0.7268806676583779,21.0,-42.00130355895914,-42.11997553358517,-0.1186719746260323,144.39307603552564,143.9625913416481,-0.4304846938775313,0.12990595404021657
5331.807383711194,4322.495506666601,6382.647301072799,-307.0678180323039,3294.3571874319496,1748.7204477915266,4.414018111826849,13.546331527150485,19.574308914047343,-4.0,96.50101862421376,96.5601935671028,0.05917494288904379,62.14211743427315,65.15551029141601,3.013392857142854,0.14048278302920483
4572.47240866639,8879.821244795248,8533.852457775292,1249.3881758795978,-5728.349785855782,-807.9795159564046,0.3677431908287261,-10.798986150713015,18.960142969985647,32.0,-77.34797371639898,-77.3423196314843,0.005654084914681334,97.84648120385202,102.86880263242344,5.022321428571416,0.1496738981740854
2395.1065947340167,8134.86505668551,2549.463664009144,-641.9710995687321,-3788.0275212543374,3265.2456854767106,19.144985612709945,2.711798006146317,3.43564558549447,-10.0,-103.98911186168499,-103.98985432327005,-0.000742461585062415,49.63969905571963,52.03606385163799,2.396364795918359,0.0776531367954654
2310.9086545000255,6732.354947041223,7722.035895192958,-2179.9150566467283,-2111.4486947274963,-115.82577022312216,-11.804307975074636,4.106010337191343,7.483634611669935,14.0,-133.88572146674437,-133.85479055353704,0.030930913207328103,92.18565444818557,94.40982536655292,2.2241709183673493,0.07364760082316121
580.2650944590681,7400.873036967929,6225.02073236872,-188.43495970726536,-6541.086780986369,-1075.5871621187416,-17.81688013462171,0.2498340493077258,-10.117347746435964,11.0,-88.4334731232837,-88.45426547251814,-0.02079234923444062,99.33409427334963,99.36996799783944,0.03587372448980375,0.03882411679719051
5396.021353196556,6833.361529757731,3079.665213315117,3975.705531913938,-5425.716323108049,2360.7542830550897,-15.412023081761038,-6.137249588437822,11.238373865725126,22.0,-50.859299961667105,-50.9267691095045,-0.067469147837393,70.66056999731764,74.47753428303191,3.8169642857142776,0.14953064964233428
9130.625521122534,7373.588097726744,7603.520650193059,-2108.076061304402,-5244.6263191114085,1053.6579176835276,-6.781111809590481,-17.382329321699395,19.50841600607467,32.0,-111.93153741249017,-111.93429789657827,-0.0027604840880997017,79.44082141089719,83.6559840384482,4.21516262755101,0.017848701320984633
1625.9670822131623,6594.2445526797155,9484.296855494018,73.44349272521026,-952.9497793881583,-1859.3079367047467,-7.2788890267290185,5.767881548821858,-1.953421693827643,24.0,-83.02065502476087,-83.07605537478887,-0.055400350027994705,152.7946071526921,151.89058929554923,-0.9040178571428612,0.0693070200897404
54.2583248607087,6591.433871858053,3433.284704843289,7148.589382731364,863.9410938940964,2096.747849767517,18.865435897485504,-1.431757363491588,1.790071496204657,5.0,7.580178741150964,7.606002789031385,0.025824047880421475,73.76494311164227,75.042047703479,1.277104591836732,0.06899681414275219
1799.6790891075564,1307.6580905422231,4643.726854546161,3182.0470250402377,1487.0782407288418,-4216.743187768942,-11.251780525563442,-13.697428518318379,-8.006500997362549,-12.0,27.084246610072054,26.979925024141796,-0.10432158593025775,140.20702893344122,138.11200342323716,-2.095025510204067,0.1308172651723105
6027.165302411914,9252.427685039043,1673.9958347290285,-2919.7857355006126,-4635.112906728113,3612.577731655533,-5.515325647855285,-15.692250164394629,14.48491700348736,40.0,-122.94087481294378,-123.01388784586236,-0.07301303291858119,56.59674966537265,58.34738742047469,1.7506377551020407,0.13018294874570036
7158.054101081513,1340.1439189677444,5558.512920911384,2281.9038086427727,3662.5888562242703,2893.2490557711735,0.040826867971301084,-1.3610813645415156,2.2370780342288015,-9.0,58.24654392713619,58.24143256739856,-0.005111359737625776,56.15948665004303,57.97828448167568,1.8187978316326507,0.018635386134951963
582.8632901297681,5475.141912476938,9250.918604042541,555.7705102033251,-1211.3009602248421,-3611.29788411507,-9.365150721870204,10.359904421935724,-15.083195160107268,20.0,-63.46884777205624,-63.4809811628707,-0.01213339081445497,159.74389088390802,156.98161409819372,-2.762276785714306,0.03838848131535851
9703.938713064104,7593.817713457052,5657.622530502487,-6335.606368037323,-4964.470754866815,440.0876252584949,-16.560803211324494,-8.032071029734276,-11.19956669329536,32.0,-141.2449605724674,-141.21138384992355,0.0335767225438417,86.8703959085999,86.74125050043664,-0.12914540816326792,0.06634446837637724
9082.416848173896,7409.679193859981,4629.847558031436,-8297.770766172822,658.4544093978811,4834.932997157827,-2.806138987300592,-8.63958993418072,-13.417079039160772,25.0,173.61719629334823,173.56293376167028,-0.054262531677949255,59.84972571473068,59.82102673513886,-0.028698979591823104,0.10808546324545208
3377.7836352154454,1362.388428518999,7067.278653042477,4713.968918694821,5181.046685419196,-266.8156388935431,2.8943832761477992,11.023750394638189,-5.408879261615102,15.0,46.755108147151034,46.719872593692585,-0.035235553458448976,92.18141961447512,93.18588390018941,1.0044642857142918,0.12447996386682149
2892.5232433487004,4767.561255438276,345.0747759162365,-2176.9614324655618,432.25409328029855,397.6578511877582,-9.441309236232659,-14.47634095156387,14.574445011760524,5.0,165.97813534534933,165.89646145425408,-0.08167389109524947,79.8421679558084,82.68336693540026,2.8411989795918515,0.14140012448965947
3304.4480806832767,3852.976899257625,695.3175483915563,896.7489085091624,-1238.8629204257272,7621.027873636996,3.8527366563366456,1.0309212087178246,4.960884650427179,16.0,-57.43554245069859,-57.740410739484524,-0.30486828878593286,11.3471838615912,11.662872637101401,0.3156887755102016,0.13972277091041965
1851.9468318123345,8609.294828437629,2764.9283134293855,1990.4067348385747,-8198.383879259103,5156.68411876933,-0.5886295226638971,-7.744494122411613,1.2898753114372496,-16.0,-75.82096573804603,-75.83897275702877,-0.01800701898274326,58.56538893709639,60.567142763627,2.00175382653061,0.03844701805759396
